[gd_scene load_steps=3 format=3 uid="uid://c4ne6qqdfg0vp"]

[ext_resource type="Script" path="res://scenes/levels/canyon.gd" id="1_mfnee"]

[sub_resource type="Environment" id="Environment_25ixr"]

[node name="Canyon" type="Node3D"]
script = ExtResource("1_mfnee")

[node name="WorldEnvironment" type="WorldEnvironment" parent="."]
environment = SubResource("Environment_25ixr")

[node name="Player" type="CSGBox3D" parent="."]
transform = Transform3D(0.957365, 0, 0.288881, 0, 1, 0, -0.288881, 0, 0.957365, 0, 0.455693, 0.0785303)

[node name="Camera3D" type="Camera3D" parent="Player"]
transform = Transform3D(0.969325, 0.093406, -0.22734, 0, 0.924971, 0.380037, 0.245781, -0.36838, 0.896598, -1.31733, 2.23767, 4.7787)

[node name="SpotLight3D" type="SpotLight3D" parent="."]
transform = Transform3D(0.559367, 0, -0.82892, 0, 1, 0, 0.82892, 0, 0.559367, -2.30837, 1.26003, 1.83364)
light_energy = 7.054
